86610	12
87230	9
87420	12
87440	13
87710	10
88160	19
88230	17
89090	16
90680	28
91010	3
91060	4
91750	8
91940	11
93670	58
93850	18
94140	9
94440	36
94770	4
95870	5
95980	5
97050	6
97510	27
99450	3
100040	8
101620	4
103660	3
103970	4
107620	3
109850	21
110070	13
110910	3
111630	6
113180	16
114910	26
116690	5
117210	26
119070	24
119370	32
119390	22
119490	49
119670	45
119730	54
122200	53
122380	51
134190	68
134370	63
136820	17
137660	25
137720	53
138140	18
138610	20
138640	36
139160	57
160680	31
161270	42
161500	57
161650	19
162590	18
163080	17
163300	8
164300	27
165700	18
166160	29
167320	5
167850	9
168710	17
169050	20
170320	11
170740	5
171050	20
172450	12
172550	15
173380	3
173860	9
175320	10
177370	17
177480	4
178290	18
178390	16
178850	5
179290	16
179480	23
179780	15
181400	10
181470	11
182080	4
182290	16
182760	5
183000	4
183380	6
183440	8
184180	9
184270	16
184550	10
184600	15
184890	17
186900	24
187280	9
188560	9
189770	11
191170	15
191280	10
191430	5
191740	10
192030	9
192630	10
193380	5
193990	17
194020	9
194790	13
195390	5
195720	12
196310	12
197120	14
197620	3
198330	5
198390	9
198430	52
198700	22
199080	44
201990	23
202160	19
202250	16
202600	21
203120	25
203600	25
204130	11
204980	24
205390	22
205730	34
207800	32
208020	51
208380	49
209280	60
210170	69
210190	47
210610	34
212140	62
212160	48
212460	28
212670	29
212780	34
213070	53
214630	38
214910	37
214930	29
215650	33
215690	25
216570	26
217340	22
218870	38
219650	16
222320	21
222770	24
222780	27
223400	20
223860	27
224550	23
224850	56
226170	25
226260	39
226270	48
226380	19
227370	47
227680	48
228710	55
229370	20
230370	56
230730	28
230930	20
231070	50
232110	51
232220	29
232890	34
232930	20
232970	25
233160	20
233810	37
234440	41
234900	43
235970	22
236800	44
237040	48
237060	20
238570	19
240180	19
241560	25
242050	21
242100	12
244350	34
245010	34
245080	25
246180	12
247250	10
247680	4
248820	38
249560	58
250650	32
251110	12
251130	30
252260	23
253010	13
253050	16
253300	14
254230	14
254520	12
254720	32
256380	10
256400	33
256720	8
257280	17
258560	22
258730	9
258880	5
258890	10
259950	17
260140	15
260480	20
262770	7
267840	14
268560	8
270370	16
270570	3
271550	8
272250	8
273670	16
274500	15
276130	19
278080	9
278900	5
279120	4
279210	3
279280	3
279310	27
279320	17
279910	17
280050	34
280920	14
281400	5
281550	5
282220	6
282960	10
282980	27
283130	13
284640	14
284650	16
285270	9
285750	22
286960	19
287110	20
288040	9
290250	41
290610	38
290690	16
291390	50
292460	23
292780	76
294120	33
294370	35
294430	44
295210	52
295450	51
295480	54
297380	61
297690	59
298450	51
298670	52
299090	53
301080	64
301670	75
301720	65
302690	48
303490	39
303600	55
304130	38
304480	43
304690	35
304950	43
305350	33
305490	61
306270	30
306840	34
306950	57
308570	34
309870	41
311380	43
311460	41
311570	48
311910	42
313420	41
313450	41
313640	61
313820	39
314040	33
314790	34
315100	69
315670	39
316320	55
316590	49
316780	68
316880	37
317880	34
318180	37
318290	42
318820	33
319570	26
319890	56
320770	42
322520	56
323470	29
324020	57
324580	47
324710	52
325000	62
325570	25
326320	36
327200	38
327230	26
327730	34
328230	46
329440	29
329780	44
330120	38
330660	28
332430	41
333270	30
333360	48
333470	21
333580	53
334150	19
334490	29
336100	25
336230	31
336740	33
337100	31
337300	23
337320	20
337410	26
337490	20
337700	43
338930	28
339410	20
342770	5
343220	19
343570	17
343660	27
343700	17
345660	12
346150	9
347210	14
347350	18
347710	36
347840	16
347880	5
347970	8
348920	14
349210	15
349290	9
349540	7
349630	32
349830	14
350100	21
350830	19
352360	3
354920	11
355510	22
356140	3
356720	5
357620	11
358040	11
358770	7
358970	4
359460	10
359590	14
359990	6
360570	3
361270	10
361490	5
361680	4
361710	3
361940	9
362070	8
362710	20
363170	5
363450	4
363900	9
364260	20
364810	15
365960	29
367330	21
367350	3
368250	14
368690	7
369900	5
371680	8
372220	5
372740	18
372810	14
372900	8
372960	26
373640	54
373860	27
374150	33
374490	32
375630	24
376570	42
377170	11
377380	11
378170	33
378550	18
378580	41
379710	40
379910	44
382670	30
382740	34
382870	56
383210	35
384170	32
384730	46
385060	33
385620	38
386020	35
386040	14
386160	53
388440	19
389120	19
389130	24
390590	16
390670	40
390920	42
390940	34
391400	29
391640	46
392830	52
393660	32
394020	17
394370	19
395650	17
396150	23
396340	34
396920	47
397210	46
397820	16
398290	17
399060	13
399430	33
399490	16
402100	27
402680	48
402790	29
403400	27
403510	21
403830	23
405830	11
405850	20
406140	24
406450	21
407310	37
407750	52
408450	47
408780	31
409010	29
409480	10
410680	16
412010	13
413020	14
413710	19
414130	9
414830	29
415900	46
416570	16
416600	12
418050	46
418090	46
419150	21
419170	12
419450	22
419860	20
420060	13
420080	23
420110	24
420620	18
421060	20
421100	17
421190	18
421420	8
422340	12
422490	28
423010	9
424850	13
425670	8
426100	17
426110	7
426790	7
428150	22
428420	29
428980	35
428990	18
429920	17
430390	9
432040	8
432340	5
432750	14
433080	6
434930	4
435340	13
435940	10
436890	3
437080	4
438050	2
438490	11
438800	14
439520	8
439800	4
441220	3
441500	4
441540	20
441890	8
441970	14
442750	13
443660	4
443730	5
443750	4
443930	9
444030	3
444970	12
445200	3
448010	19
448200	2
448420	5
450420	14
450540	4
451110	4
451470	8
451690	10
451790	2
452550	4
454350	4
455280	13
457130	3
458050	15
459160	5
459320	54
459680	21
460580	22
460730	9
462370	11
463060	14
463840	23
464240	31
464250	36
464690	24
466600	23
466660	27
467310	32
467340	24
468190	17
469590	23
469840	38
470140	59
470460	36
471060	17
471320	47
471380	46
472450	14
473430	25
473600	31
473900	16
474110	31
474610	22
475310	19
475360	40
475850	14
476420	18
476700	15
477240	12
477430	14
477770	20
478270	24
478550	41
478590	23
479130	32
479460	21
479690	18
480500	22
480540	24
481580	14
482000	14
482990	12
484910	26
486750	34
487780	22
488220	27
488260	27
488320	41
489360	48
489720	31
489870	24
490610	30
490760	42
491210	22
491270	49
492040	24
492570	21
494010	28
494030	10
494070	30
494350	19
494890	40
495520	16
496350	50
497120	11
498570	29
498670	24
498820	14
498880	13
499810	20
500230	21
501470	23
502220	18
502380	14
503170	22
504140	19
504760	24
504990	34
505120	11
506900	14
507150	36
507240	6
507260	11
507840	6
508990	19
509020	10
509120	18
510320	22
510390	12
510990	18
511030	7
511190	16
511370	9
511600	24
512810	3
514060	17
514100	18
514260	15
514310	28
514510	35
514740	20
516170	9
516560	17
516910	44
518550	18
519500	15
520080	4
520300	10
521960	12
523690	20
527560	4
528730	14
530100	15
530450	3
530930	4
531930	4
532160	3
532560	7
532910	18
535320	7
536930	2
537630	8
538040	4
540520	3
540740	7
540880	6
541160	26
541180	15
541530	12
541910	10
541990	17
543350	14
543440	20
543450	3
544830	14
544880	18
545090	10
546180	11
546710	36
546990	33
547180	38
548470	11
548500	23
548960	27
549170	17
549410	35
549810	36
551540	48
552090	37
554700	44
554750	43
555830	25
556490	15
557230	54
557460	69
557490	67
557680	38
558150	56
558320	46
558540	53
559040	67
559550	72
559920	80
562230	55
562280	57
562700	48
562760	78
564170	52
566150	76
566380	90
566570	32
567360	64
567850	51
568340	64
568350	65
570090	27
570120	23
572450	25
573960	15
574400	18
574810	37
575110	21
575530	35
576490	50
578910	39
579100	57
579410	38
579430	30
579830	41
579960	16
580080	48
580190	31
581000	42
581360	56
582080	52
582470	65
582840	16
584550	54
584880	65
585140	60
587360	69
587370	63
588980	30
589500	19
589770	19
589890	50
590940	34
594550	51
595330	51
595910	51
598010	52
598710	57
599180	60
599550	59
601900	54
602690	52
603500	56
603880	49
605810	56
606010	50
606850	52
608860	45
608880	47
610190	41
611160	49
611830	56
612040	49
612190	58
613420	50
613900	48
614830	58
615120	46
617020	51
618250	52
619540	45
619560	44
619720	43
620800	49
621010	52
621450	48
621840	41
622390	52
623760	51
624350	51
624680	33
624700	38
625650	53
626150	54
626410	57
627580	54
627620	55
629090	46
629380	53
630390	52
631640	80
633090	68
634090	60
634270	54
634910	44
636830	22
636920	55
637980	31
638140	77
638850	65
639920	23
641850	35
644020	32
644030	19
645170	37
645380	51
646890	21
649980	47
650410	54
650650	16
650900	71
651070	22
651690	29
651950	16
654090	18
655060	29
655350	31
656830	28
656970	22
657400	49
657520	51
658070	83
658350	68
659200	38
659960	61
660840	29
662060	15
662170	18
662580	74
662860	68
663380	60
664460	57
665460	23
665750	78
666980	78
668210	72
668320	28
669290	29
669310	22
669320	44
669550	25
670420	61
670680	41
670900	41
671100	20
671150	25
671350	37
672010	56
672030	50
672460	64
672910	16
673310	24
673410	26
673930	57
674450	36
674790	37
674930	21
675240	20
675720	28
676070	82
676180	45
676310	65
676860	26
677940	13
678200	16
679990	11
680670	18
681510	20
682190	12
684050	10
685860	6
686380	8
687020	21
687170	6
687300	4
687420	6
689390	4
689650	7
690010	7
691110	33
694810	18
695420	12
695810	4
696270	10
696630	10
697490	5
697670	4
697880	9
697990	11
701090	5
701220	6
702040	4
702670	13
703110	5
703910	5
704780	6
705640	5
705760	5
707040	4
708700	4
709420	2
710260	5
712970	4
713320	5
714650	8
715440	6
717090	7
717500	14
718150	8
718900	54
720590	34
721470	10
722210	16
722450	13
723010	42
723110	30
723400	14
723570	25
724510	41
725400	19
726200	24
726540	23
726630	23
726900	37
728530	33
728810	36
729650	23
729700	24
729820	27
731220	43
731700	32
731760	19
733220	28
733440	21
733480	44
735000	41
736120	28
736370	20
736500	18
736570	59
736730	18
736790	60
736820	40
737770	24
738510	24
743330	17
743910	28
743990	26
744020	17
744170	42
744680	48
744950	29
745170	39
746840	64
747120	54
747590	61
747890	29
748120	34
749020	29
749120	22
750140	31
750150	23
750290	17
750570	26
751120	39
751950	19
751960	40
752340	47
753220	19
754250	31
754300	34
755190	16
755850	18
756860	21
757380	16
758310	22
758750	11
758820	19
760200	19
761250	68
761650	16
763830	23
764600	12
764730	29
764780	13
764820	19
765540	13
765650	50
766880	47
766990	19
767380	64
768150	21
768420	8
768630	24
769440	5
769730	20
770420	7
771330	52
772370	5
773010	6
774100	21
774240	5
774280	9
774980	43
776770	10
776810	5
777370	18
